set INTERSECCIONS := 73701 73702 73703 73704 73705 73706 73707 73708 73709 73710 73711 73712 73713 73714 73715 73716 73717 73718 73719 73720 73721 73722 73723 73724 73725 73726 73727 73728 73729 73730 73731 73732 73733 73734 73735 73736 73737 73738 73739 74222 74225 74226 74228 74230 74231 74232 74233 74234 74235 74236 74237 74238 74239 5 6 7 8 9 15 16 17 19 26 27 28 30 31 32 33 34 35 36 37 38 39 40 47 49 50 51 52 53 55 58 59 60 61 62 63 66 67 68 69 78 83 86 88 89 90 19396 20349 20513 23043 23046 40948 40954 41623 41628 41633 41638 41643 41653 41666 41671 41875 41961 41964 41967 41970 41977 41979 41982 41985 42325 42896 44123 44409 44426 44433 44440 44457 44464 44480 44487 44494 44510 44515 44522 44529 44536 44543 44548 44555 44563 44570 44577 44582 44589 44592 44599 44604 44609 44616 44623 44628 44635 44665 44672 44679 44686 44693 44710 44717 44724 44731 44738 44743 44746 44753 44758 44765 44772 44779 44786 44793 44800 44807 44814 44821 44828 44838 44845 44862 44877 44884 44891 44898 44905 44916 44923 44930 44937 44944 44951 44958 44965 44972 44979 44986 44993 45003 45010 45017 45024 45031 45041 45053 45084 45095 45124 45131 45138 45145 45152 45159 45166 45173 45180 45187 45194 45201 45213 45220 45227 45234 45241 45248 45264 45271 45278 45285 45292 45299 45324 45361 45364 45370 45377 45384 45391 45398 45405 45412 45419 45426 45429 45434 45440 45443 45450 45460 45467 45474 45481 45488 45495 45504 45511 45531 45534 45541 45548 45555 45562 45569 45576 45583 45589 45596 45603 45608 45615 45639 45646 45653 45660 45667 45674 45683 45690 45697 45704 45707 45714 45721 45728 45735 45742 45749 45756 45763 45770 45777 45784 45787 45794 45817 45824 45831 45839 45846 45853 45860 45867 45874 45954 45996 46031 46038 46045 46052 46059 46066 46073 46080 46087 46094 46101 46108 46115 46122 46129 46136 46143 46150 46156 46163 46170 46177 46184 46198 46211 46218 46225 46232 46239 46246 46253 46260 46267 46274 46281 46288 46295 46302 46309 46316 46323 46330 46337 46344 46351 46358 46365 46390 46395 46402 46409 46414 46419 46424 46431 46446 46460 46463 46470 46477 46484 46491 46505 46518 46525 46532 46563 46601 46624 46641 46654 49180 54773 54782 54784 54789 54792 54799 54806 54811 54837 54839 54849 54858 54865 54874 54885 54969 54972 54975 54977 54979 54989 73656 73657 73658 73659 73660 73661 73662 73663 73664 73665 73666 73667 73668 73669 73670 73671 73672 73673 73674 73675 73676 73677 73678 73679 73680 73681 73682 73683 73684 73685 73686 73687 73688 73689 73690 73691 73692 73693 73694 73695 73696 73697 73698 73699 73700 74240 74241 74242 74243 74246 74247 74280 74281 74300 74301 74341 74342;
set PATHS := 1439 1441 1442 1445 1449 1451 1453 1466 1470 1472 1475 1479 1483 1484 1488 1492 1493 1497 1498 1499 1500 1504 1513 1516 1518 1521 1525 1533 1534 1536 1537 1541 1547 1549 1550 1560 1561 1565 1577 1596 1599 1600;
set FIXED := 30 78 44628 45173 45481 45555 45787 49180;
set PROHIBITED := 54977 73703 68;

param max_sensors := 15;

param path_flow :=				
1439 3.01909319				
1441 0.201561508				
1442 0.0169118542				
1445 0.087739381				
1449 1.54469582				
1451 1.81723835				
1453 0.47520665				
1466 0.07047609				
1470 0.3904207				
1472 0.196657325				
1475 1.15				
1479 3.16772057				
1483 0.793859798				
1484 0.785414885				
1488 29.18142257				
1492 7.31323028				
1493 7.23534715				
1497 5.325409796				
1498 1.731590204				
1499 1.14912462				
1500 0.26087538				
1504 3.603				
1513 261.108746				
1516 12.7366992				
1518 4.95444328				
1521 3.847				
1525 2.57730234				
1533 0.091805664				
1534 0.150891714				
1536 1.26199912				
1537 0.237295511				
1541 0.0410226497				
1547 0.0266830327				
1549 1.90780095				
1550 0.66219905				
1560 5.52702845				
1561 2.62297155				
1565 0.144317233				
1577 1.118953042				
1596 1.427521556				
1599 1.856208169				
1600 1.17683063;

set path_intersections [1439] := 5 88 89 90 40948 44426 44433 44440 44457 44494 73720 74243 ;
set path_intersections [1441] := 5 88 89 90 40948 44426 44433 44440 44457 44464 44494 73720 74243 ;
set path_intersections [1442] := 88 89 90 40948 44464 44510 44529 44536 44592 44609 44779 44786 44793 44800 73720 74243 ;
set path_intersections [1445] := 88 89 90 40948 44464 44510 44515 44522 44604 44609 44793 44800 73720 74243 ;
set path_intersections [1449] := 88 89 90 40948 44464 44510 44515 44522 44529 44536 73720 74243 ;
set path_intersections [1451] := 30 31 32 45548 45555 45562 45569 45576 45583 45589 45728 46038 ;
set path_intersections [1453] := 30 31 32 33 34 35 36 37 45583 45589 45763 45770 46038 ;
set path_intersections [1466] := 32 33 34 35 36 37 45583 45589 45763 46052 46122 46129 46136 ;
set path_intersections [1470] := 30 31 32 33 34 35 45569 45576 45583 45589 45749 46038 46136 ;
set path_intersections [1472] := 30 31 32 33 34 35 36 37 38 39 40 66 42896 45596 45777 46038 ;
set path_intersections [1475] := 30 83 45031 45041 45053 45138 45370 45534 45714 46038 73692 ;
set path_intersections [1479] := 41964 41967 41970 41977 41979 41982 41985 46129 46136 46143 54839 54849 54858 54865 73699 ;
set path_intersections [1483] := 41961 41964 41967 41970 41977 41979 41982 41985 54773 54839 54849 54858 54865 54874 73699 ;
set path_intersections [1484] := 41964 41967 41970 41977 41979 41982 41985 46129 46136 46143 54773 54839 54849 54858 54865 73699 ;
set path_intersections [1488] := 41875 41964 41967 41970 41977 41979 41982 41985 42325 44123 46129 46136 46143 54839 54849 54858 54865 73712 ;
set path_intersections [1492] := 41875 41961 41964 41967 41970 41977 41979 41982 41985 42325 44123 54773 54839 54849 54858 54865 54874 73712 ;
set path_intersections [1493] := 41875 41964 41967 41970 41977 41979 41982 41985 42325 44123 46129 46136 46143 54773 54839 54849 54858 54865 73712 ;
set path_intersections [1497] := 27 28 54773 54885 54989 73723 ;
set path_intersections [1498] := 27 28 46031 46038 54885 54989 73723 ;
set path_intersections [1499] := 30 40954 44563 44746 45053 45138 45370 45534 45714 46038 46491 49180 73734 ;
set path_intersections [1500] := 30 40954 44563 44746 45053 45138 45370 45534 45714 46038 46136 46491 49180 73734 ;
set path_intersections [1504] := 5 6 7 8 9 44480 44487 44494 44522 ;
set path_intersections [1513] := 44604 44609 44616 44623 44628 44635 ;
set path_intersections [1516] := 5 6 7 8 9 44480 44487 44494 44522 44555 ;
set path_intersections [1518] := 44555 44604 44609 44616 44623 44628 44635 ;
set path_intersections [1521] := 88 89 90 40948 44464 44510 44515 44522 73720 74243 ;
set path_intersections [1525] := 86 90 44409 44464 44510 44515 44522 46460 49180 73734 ;
set path_intersections [1533] := 86 44577 44599 44758 44765 44772 44779 44786 46460 46463 46484 49180 73734 ;
set path_intersections [1534] := 40954 44577 44599 44758 44765 44772 44779 44786 46477 46484 46491 49180 73734 ;
set path_intersections [1536] := 63 67 68 20349 41623 41628 41633 41643 41653 46414 ;
set path_intersections [1537] := 63 67 68 19396 20349 41623 41628 41633 41643 41653 41666 ;
set path_intersections [1541] := 63 67 68 20349 41633 41638 41643 41653 46414 54789 54806 54811 ;
set path_intersections [1547] := 63 67 68 19396 20349 41623 41628 41633 41643 41653 41666 54811 ;
set path_intersections [1549] := 69 20349 41623 41628 41633 41643 41653 46414 54811 ;
set path_intersections [1550] := 69 19396 20349 41623 41628 41633 41643 41653 41666 54811 ;
set path_intersections [1560] := 20349 41628 41633 41643 41653 46414 ;
set path_intersections [1561] := 19396 20349 41628 41633 41643 41653 41666 ;
set path_intersections [1565] := 49 50 51 60 61 62 78 45166 45412 45419 45429 45434 45443 45450 45817 45824 45831 45839 45846 45954 45996 74231 ;
set path_intersections [1577] := 47 58 59 60 20349 41628 41633 41643 41653 44944 44951 44958 44965 44972 44993 45460 45467 45646 45824 45831 45839 46395 46414 ;
set path_intersections [1596] := 19 51 58 59 60 44944 44951 44958 44965 44972 44993 45460 45467 45474 45481 45488 45495 45504 45511 45697 45867 46414 46419 74231 ;
set path_intersections [1599] := 15 16 17 50 51 58 44944 44951 44958 44965 44972 44993 45003 45010 45017 45024 45504 45683 45853 45996 74231 ;
set path_intersections [1600] := 26 51 52 53 55 20513 23043 23046 73656 74235 74237 ;

set inter_veines [73701] :=  ;
set inter_veines [73702] :=  ;
set inter_veines [73703] :=  ;
set inter_veines [73704] :=  ;
set inter_veines [73705] := 67 ;
set inter_veines [73706] := 66 ;
set inter_veines [73707] :=  ;
set inter_veines [73708] :=  ;
set inter_veines [73709] :=  ;
set inter_veines [73710] :=  ;
set inter_veines [73711] :=  ;
set inter_veines [73712] := 41875 41982 41985 42325 44123 ;
set inter_veines [73713] := 44710 44717 ;
set inter_veines [73714] :=  ;
set inter_veines [73715] :=  ;
set inter_veines [73716] :=  ;
set inter_veines [73717] :=  ;
set inter_veines [73718] :=  ;
set inter_veines [73719] :=  ;
set inter_veines [73720] := 88 89 40948 ;
set inter_veines [73721] :=  ;
set inter_veines [73722] :=  ;
set inter_veines [73723] := 27 28 ;
set inter_veines [73724] :=  ;
set inter_veines [73725] :=  ;
set inter_veines [73726] :=  ;
set inter_veines [73727] :=  ;
set inter_veines [73728] :=  ;
set inter_veines [73729] :=  ;
set inter_veines [73730] := 5 44494 ;
set inter_veines [73731] := 5 ;
set inter_veines [73732] := 86 ;
set inter_veines [73733] := 86 ;
set inter_veines [73734] := 40954 ;
set inter_veines [73735] :=  ;
set inter_veines [73736] := 26 20513 23043 23046 ;
set inter_veines [73737] :=  ;
set inter_veines [73738] :=  ;
set inter_veines [73739] :=  ;
set inter_veines [74222] :=  ;
set inter_veines [74225] := 27 28 30 45704 ;
set inter_veines [74226] := 47 41623 45831 ;
set inter_veines [74228] := 49 50 51 52 41653 45860 ;
set inter_veines [74230] := 49 50 51 ;
set inter_veines [74231] := 50 51 52 53 41666 45697 45867 ;
set inter_veines [74232] := 50 51 52 53 ;
set inter_veines [74233] := 51 52 53 ;
set inter_veines [74234] := 51 52 53 ;
set inter_veines [74235] := 52 53 55 ;
set inter_veines [74236] := 53 55 23043 ;
set inter_veines [74237] := 55 23043 ;
set inter_veines [74238] := 88 ;
set inter_veines [74239] := 59 60 61 62 45615 45639 ;
set inter_veines [5] := 73730 73731 6 7 44440 44457 44494 44536 74246 ;
set inter_veines [6] := 5 7 8 73657 74246 ;
set inter_veines [7] := 5 6 8 9 44494 44548 44628 74246 74247 ;
set inter_veines [8] := 6 7 9 73666 74246 74247 ;
set inter_veines [9] := 7 8 44555 44635 73677 74247 ;
set inter_veines [15] := 16 17 44679 44862 45017 45024 45241 45264 45488 ;
set inter_veines [16] := 15 17 45024 45248 45264 45271 45495 ;
set inter_veines [17] := 15 16 19 44877 45241 45248 45264 45324 45504 45683 ;
set inter_veines [19] := 17 45278 45324 45504 45511 45697 45867 46532 ;
set inter_veines [26] := 73736 20513 23043 23046 73656 ;
set inter_veines [27] := 73723 74225 28 45874 54969 54972 54975 54977 54979 54989 73690 ;
set inter_veines [28] := 73723 74225 27 45874 54885 54969 54972 54975 54977 54979 54989 ;
set inter_veines [30] := 74225 31 32 45534 45714 45874 46038 46136 54972 ;
set inter_veines [31] := 30 32 33 45541 45721 46045 46129 ;
set inter_veines [32] := 30 31 33 34 45548 45728 46052 46122 ;
set inter_veines [33] := 31 32 34 35 45555 45735 46059 46115 ;
set inter_veines [34] := 32 33 35 36 45562 45742 46066 46108 ;
set inter_veines [35] := 33 34 36 37 45569 45749 46073 46101 ;
set inter_veines [36] := 34 35 37 38 45576 45756 46080 46094 ;
set inter_veines [37] := 35 36 38 39 45583 45763 46087 ;
set inter_veines [38] := 36 37 39 40 45589 45770 ;
set inter_veines [39] := 37 38 40 66 42896 45596 45777 46446 ;
set inter_veines [40] := 38 39 66 42896 46446 ;
set inter_veines [47] := 74226 49 41628 45660 45839 46395 ;
set inter_veines [49] := 74228 74230 47 50 45954 45996 46431 ;
set inter_veines [50] := 74228 74230 74231 74232 49 51 52 41653 45690 45860 45996 46414 ;
set inter_veines [51] := 74228 74230 74231 74232 74233 74234 50 52 53 41666 45697 45867 45996 46419 ;
set inter_veines [52] := 74228 74231 74232 74233 74234 74235 50 51 53 46358 46424 46601 ;
set inter_veines [53] := 74231 74232 74233 74234 74235 74236 51 52 46563 54792 ;
set inter_veines [55] := 74235 74236 74237 23043 ;
set inter_veines [58] := 59 60 44993 45003 74240 ;
set inter_veines [59] := 74239 58 60 61 45201 45213 74240 ;
set inter_veines [60] := 74239 58 59 61 62 45450 45460 74240 74280 ;
set inter_veines [61] := 74239 59 60 62 45615 45639 74240 74280 ;
set inter_veines [62] := 74239 60 61 45794 45817 74280 74281 ;
set inter_veines [63] := 67 46654 74281 ;
set inter_veines [66] := 73706 39 40 42896 46446 ;
set inter_veines [67] := 73705 63 68 54811 ;
set inter_veines [68] := 67 69 41623 41628 54784 54811 ;
set inter_veines [69] := 68 41623 54811 ;
set inter_veines [78] := 44944 45166 45405 45412 45419 45583 45763 ;
set inter_veines [83] := 44738 44743 45031 45041 73692 ;
set inter_veines [86] := 73732 73733 44409 46460 49180 74241 ;
set inter_veines [88] := 73720 74238 89 90 40948 74241 74242 74243 ;
set inter_veines [89] := 73720 88 90 40948 74243 ;
set inter_veines [90] := 88 89 40948 44409 44426 44433 44464 46460 74243 ;
set inter_veines [19396] := 41666 46419 ;
set inter_veines [20349] := 41628 41633 41643 41653 46431 54799 ;
set inter_veines [20513] := 73736 26 23043 23046 73659 ;
set inter_veines [23043] := 73736 74236 74237 26 55 20513 23046 ;
set inter_veines [23046] := 73736 26 20513 23043 73668 ;
set inter_veines [40948] := 73720 88 89 90 44464 74243 ;
set inter_veines [40954] := 73734 44563 46491 49180 ;
set inter_veines [41623] := 74226 68 69 41628 41633 54811 ;
set inter_veines [41628] := 47 68 20349 41623 41633 46395 54806 ;
set inter_veines [41633] := 20349 41623 41628 41638 41643 46402 54789 ;
set inter_veines [41638] := 41633 46402 54789 54799 54806 ;
set inter_veines [41643] := 20349 41633 41653 41666 45996 46409 ;
set inter_veines [41653] := 74228 50 20349 41643 41666 46414 46601 ;
set inter_veines [41666] := 74231 51 19396 41643 41653 46419 46601 54792 ;
set inter_veines [41671] :=  ;
set inter_veines [41875] := 73712 41979 41982 41985 42325 44123 54837 54839 ;
set inter_veines [41961] := 41964 41967 54773 54858 54865 54874 ;
set inter_veines [41964] := 41961 41967 41970 41977 54858 54865 54874 73693 ;
set inter_veines [41967] := 41961 41964 41970 41977 41979 54849 54858 54865 73694 ;
set inter_veines [41970] := 41964 41967 41977 41979 54849 54858 54865 73695 ;
set inter_veines [41977] := 41964 41967 41970 41979 54839 54849 54858 54865 73696 ;
set inter_veines [41979] := 41875 41967 41970 41977 41982 41985 ;
set inter_veines [41982] := 73712 41875 41979 41985 42325 44123 54837 54839 54849 73698 ;
set inter_veines [41985] := 73712 41875 41979 41982 42325 44123 54837 54839 54849 73699 ;
set inter_veines [42325] := 73712 41875 41982 41985 44123 54837 54839 ;
set inter_veines [42896] := 39 40 66 46446 ;
set inter_veines [44123] := 73712 41875 41982 41985 42325 54837 54839 ;
set inter_veines [44409] := 86 90 44426 46460 ;
set inter_veines [44426] := 90 44409 44433 44440 44464 44510 ;
set inter_veines [44433] := 90 44426 44440 44457 44515 ;
set inter_veines [44440] := 5 44426 44433 44457 44480 44522 73665 ;
set inter_veines [44457] := 5 44433 44440 44487 44529 ;
set inter_veines [44464] := 90 40948 44426 44480 44510 44592 74243 ;
set inter_veines [44480] := 44440 44464 44487 44494 44522 44604 ;
set inter_veines [44487] := 44457 44480 44494 44529 44609 ;
set inter_veines [44494] := 73730 5 7 44480 44487 44536 44616 ;
set inter_veines [44510] := 44426 44464 44515 44522 44592 44779 ;
set inter_veines [44515] := 44433 44510 44522 44529 44599 44786 ;
set inter_veines [44522] := 44440 44480 44510 44515 44529 44536 44604 44793 ;
set inter_veines [44529] := 44457 44487 44515 44522 44536 44543 44609 44800 ;
set inter_veines [44536] := 5 44494 44522 44529 44543 44548 44616 44807 ;
set inter_veines [44543] := 44529 44536 44548 44623 44814 ;
set inter_veines [44548] := 7 44536 44543 44555 44628 44821 ;
set inter_veines [44555] := 9 44548 44635 44828 ;
set inter_veines [44563] := 40954 44570 44577 44746 45053 46491 49180 ;
set inter_veines [44570] := 44563 44577 44582 44753 46470 46477 ;
set inter_veines [44577] := 44563 44570 44582 44589 44758 44923 46463 46484 ;
set inter_veines [44582] := 44570 44577 44589 44592 44765 44930 ;
set inter_veines [44589] := 44577 44582 44592 44599 44772 44937 ;
set inter_veines [44592] := 44464 44510 44582 44589 44599 44604 44779 44979 ;
set inter_veines [44599] := 44515 44589 44592 44604 44609 44786 44986 ;
set inter_veines [44604] := 44480 44522 44592 44599 44609 44616 44793 44944 ;
set inter_veines [44609] := 44487 44529 44599 44604 44616 44623 44800 44951 ;
set inter_veines [44616] := 44494 44536 44604 44609 44623 44628 44807 44958 ;
set inter_veines [44623] := 44543 44609 44616 44628 44814 44965 ;
set inter_veines [44628] := 7 44548 44616 44623 44635 44821 44972 ;
set inter_veines [44635] := 9 44555 44628 44828 44993 ;
set inter_veines [44665] := 44672 44679 45017 ;
set inter_veines [44672] := 44665 44679 45024 73673 ;
set inter_veines [44679] := 15 44665 44672 44862 ;
set inter_veines [44686] :=  ;
set inter_veines [44693] := 44724 44731 44905 44916 45299 46274 46281 46624 ;
set inter_veines [44710] := 73713 44717 44724 46260 ;
set inter_veines [44717] := 73713 44710 44731 44905 46624 73678 ;
set inter_veines [44724] := 44693 44710 44731 46260 46641 ;
set inter_veines [44731] := 44693 44717 44724 44916 46267 46624 ;
set inter_veines [44738] := 83 44743 44746 45031 ;
set inter_veines [44743] := 83 44738 44746 44753 45041 45131 ;
set inter_veines [44746] := 44563 44738 44743 44753 44758 45053 45138 46491 ;
set inter_veines [44753] := 44570 44743 44746 44758 44765 45145 46477 ;
set inter_veines [44758] := 44577 44746 44753 44765 44772 44923 45084 45152 46484 ;
set inter_veines [44765] := 44582 44753 44758 44772 44779 44930 45095 ;
set inter_veines [44772] := 44589 44758 44765 44779 44786 44937 ;
set inter_veines [44779] := 44510 44592 44765 44772 44786 44793 44979 ;
set inter_veines [44786] := 44515 44599 44772 44779 44793 44800 44986 45159 ;
set inter_veines [44793] := 44522 44604 44779 44786 44800 44807 44944 45166 ;
set inter_veines [44800] := 44529 44609 44786 44793 44807 44814 44951 45173 ;
set inter_veines [44807] := 44536 44616 44793 44800 44814 44821 44958 45180 ;
set inter_veines [44814] := 44543 44623 44800 44807 44821 44965 45187 ;
set inter_veines [44821] := 44548 44628 44807 44814 44828 44972 45194 ;
set inter_veines [44828] := 44555 44635 44821 44993 45201 ;
set inter_veines [44838] := 44845 45003 45213 ;
set inter_veines [44845] := 44838 45010 45220 ;
set inter_veines [44862] := 15 44679 44877 45241 ;
set inter_veines [44877] := 17 44862 44884 44891 45264 73670 ;
set inter_veines [44884] := 44877 44891 44898 45271 ;
set inter_veines [44891] := 44877 44884 44898 44905 45278 45324 73672 ;
set inter_veines [44898] := 44884 44891 44905 44916 45285 46330 ;
set inter_veines [44905] := 44693 44717 44891 44898 44916 45292 46288 46337 ;
set inter_veines [44916] := 44693 44731 44898 44905 45299 46288 46295 46344 ;
set inter_veines [44923] := 44577 44758 44930 44937 45053 45084 45152 45384 ;
set inter_veines [44930] := 44582 44765 44923 44937 44979 45095 45391 ;
set inter_veines [44937] := 44589 44772 44923 44930 44979 44986 45398 ;
set inter_veines [44944] := 78 44604 44793 44951 44958 44979 44986 45166 ;
set inter_veines [44951] := 44609 44800 44944 44958 44965 44986 45173 45412 ;
set inter_veines [44958] := 44616 44807 44944 44951 44965 44972 45180 45419 ;
set inter_veines [44965] := 44623 44814 44951 44958 44972 45187 45426 ;
set inter_veines [44972] := 44628 44821 44958 44965 44993 45194 45443 ;
set inter_veines [44979] := 44592 44779 44930 44937 44944 44986 45405 ;
set inter_veines [44986] := 44599 44786 44937 44944 44951 44979 45159 ;
set inter_veines [44993] := 58 44635 44828 44972 45201 45450 ;
set inter_veines [45003] := 58 44838 45010 45017 45213 45460 ;
set inter_veines [45010] := 44845 45003 45017 45024 45220 45467 ;
set inter_veines [45017] := 15 44665 45003 45010 45024 45227 45474 ;
set inter_veines [45024] := 15 16 44672 45010 45017 45234 45481 ;
set inter_veines [45031] := 83 44738 45041 45053 45124 73692 ;
set inter_veines [45041] := 83 44743 45031 45053 45131 ;
set inter_veines [45053] := 44563 44746 44923 45031 45041 45084 45138 45370 ;
set inter_veines [45084] := 44758 44923 45053 45095 45152 45384 ;
set inter_veines [45095] := 44765 44930 45084 45145 45152 45391 45555 ;
set inter_veines [45124] := 45031 45131 45138 45361 ;
set inter_veines [45131] := 44743 45041 45124 45138 45145 45364 45531 ;
set inter_veines [45138] := 44746 45053 45124 45131 45145 45152 45370 45534 ;
set inter_veines [45145] := 44753 45095 45131 45138 45152 45377 45541 ;
set inter_veines [45152] := 44758 44923 45084 45095 45138 45145 45384 45548 ;
set inter_veines [45159] := 44786 44986 45166 45173 45576 ;
set inter_veines [45166] := 78 44793 44944 45159 45173 45180 45583 ;
set inter_veines [45173] := 44800 44951 45159 45166 45180 45187 45412 45589 ;
set inter_veines [45180] := 44807 44958 45166 45173 45187 45194 45419 45596 ;
set inter_veines [45187] := 44814 44965 45173 45180 45194 45426 45440 45603 ;
set inter_veines [45194] := 44821 44972 45180 45187 45201 45443 45608 ;
set inter_veines [45201] := 59 44828 44993 45194 45450 45615 ;
set inter_veines [45213] := 59 44838 45003 45220 45227 45460 45639 ;
set inter_veines [45220] := 44845 45010 45213 45227 45234 45467 45646 ;
set inter_veines [45227] := 45017 45213 45220 45234 45241 45474 45653 ;
set inter_veines [45234] := 45024 45220 45227 45241 45248 45481 45660 ;
set inter_veines [45241] := 15 17 44862 45227 45234 45248 45488 45667 ;
set inter_veines [45248] := 16 17 45234 45241 45495 45674 ;
set inter_veines [45264] := 15 16 17 44877 45271 45278 45504 ;
set inter_veines [45271] := 16 44884 45264 45278 45285 45511 ;
set inter_veines [45278] := 19 44891 45264 45271 45285 45292 45324 ;
set inter_veines [45285] := 44898 45271 45278 45292 45299 46330 ;
set inter_veines [45292] := 44905 45278 45285 45299 46302 46337 46532 ;
set inter_veines [45299] := 44693 44916 45285 45292 46302 46309 46344 46525 ;
set inter_veines [45324] := 17 19 44891 45278 45697 46330 46337 ;
set inter_veines [45361] := 45124 45364 45370 45704 ;
set inter_veines [45364] := 45131 45361 45370 45377 45531 45707 ;
set inter_veines [45370] := 45053 45138 45361 45364 45377 45384 45534 45714 ;
set inter_veines [45377] := 45145 45364 45370 45384 45391 45541 45721 ;
set inter_veines [45384] := 44923 45084 45152 45370 45377 45391 45398 45548 45728 ;
set inter_veines [45391] := 44930 45095 45377 45384 45398 45405 45555 45735 ;
set inter_veines [45398] := 44937 45384 45391 45405 45562 45742 ;
set inter_veines [45405] := 78 44979 45391 45398 45569 45749 ;
set inter_veines [45412] := 78 44951 45173 45419 45434 45589 45770 ;
set inter_veines [45419] := 78 44958 45180 45412 45429 45434 45443 45596 45777 ;
set inter_veines [45426] := 44965 45187 45429 45434 45440 45603 ;
set inter_veines [45429] := 45419 45426 45434 45440 45443 45450 ;
set inter_veines [45434] := 45412 45419 45426 45429 45440 45443 ;
set inter_veines [45440] := 45187 45426 45429 45434 45603 45784 ;
set inter_veines [45443] := 44972 45194 45419 45429 45434 45450 45608 45787 ;
set inter_veines [45450] := 60 44993 45201 45429 45443 45615 45794 ;
set inter_veines [45460] := 60 45003 45213 45467 45474 45639 45817 ;
set inter_veines [45467] := 45010 45220 45460 45474 45481 45646 45824 ;
set inter_veines [45474] := 45017 45227 45460 45467 45481 45488 45653 45831 ;
set inter_veines [45481] := 45024 45234 45467 45474 45488 45495 45660 45839 ;
set inter_veines [45488] := 15 45241 45474 45481 45495 45504 45667 45846 ;
set inter_veines [45495] := 16 45248 45481 45488 45504 45511 45674 45954 ;
set inter_veines [45504] := 17 19 45264 45488 45495 45511 45683 45853 ;
set inter_veines [45511] := 19 45271 45495 45504 45690 45860 ;
set inter_veines [45531] := 45131 45364 45534 45541 45707 ;
set inter_veines [45534] := 30 45138 45370 45531 45541 45548 45714 ;
set inter_veines [45541] := 31 45145 45377 45531 45534 45548 45555 45721 ;
set inter_veines [45548] := 32 45152 45384 45534 45541 45555 45562 45728 ;
set inter_veines [45555] := 33 45095 45391 45541 45548 45562 45569 45735 ;
set inter_veines [45562] := 34 45398 45548 45555 45569 45576 45742 ;
set inter_veines [45569] := 35 45405 45555 45562 45576 45583 45749 ;
set inter_veines [45576] := 36 45159 45562 45569 45583 45589 45756 ;
set inter_veines [45583] := 37 78 45166 45569 45576 45589 45596 45763 ;
set inter_veines [45589] := 38 45173 45412 45576 45583 45596 45603 45770 ;
set inter_veines [45596] := 39 45180 45419 45583 45589 45603 45608 45777 ;
set inter_veines [45603] := 45187 45426 45440 45589 45596 45608 45784 ;
set inter_veines [45608] := 45194 45443 45596 45603 45615 45787 ;
set inter_veines [45615] := 74239 61 45201 45450 45608 45794 ;
set inter_veines [45639] := 74239 61 45213 45460 45646 45653 45817 ;
set inter_veines [45646] := 45220 45467 45639 45653 45660 45824 ;
set inter_veines [45653] := 45227 45474 45639 45646 45660 45667 45831 ;
set inter_veines [45660] := 47 45234 45481 45646 45653 45667 45674 45839 ;
set inter_veines [45667] := 45241 45488 45653 45660 45674 45683 45846 ;
set inter_veines [45674] := 45248 45495 45660 45667 45683 45690 45954 ;
set inter_veines [45683] := 17 45504 45667 45674 45690 45697 45853 45996 ;
set inter_veines [45690] := 50 45511 45674 45683 45697 45860 46351 ;
set inter_veines [45697] := 74231 19 51 45324 45683 45690 45867 46351 ;
set inter_veines [45704] := 74225 45361 45707 45714 45874 54885 ;
set inter_veines [45707] := 45364 45531 45704 45714 45721 46031 ;
set inter_veines [45714] := 30 45370 45534 45704 45707 45721 45728 46038 ;
set inter_veines [45721] := 31 45377 45541 45707 45714 45728 45735 46045 ;
set inter_veines [45728] := 32 45384 45548 45714 45721 45735 45742 46052 ;
set inter_veines [45735] := 33 45391 45555 45721 45728 45742 45749 46059 ;
set inter_veines [45742] := 34 45398 45562 45728 45735 45749 45756 46066 ;
set inter_veines [45749] := 35 45405 45569 45735 45742 45756 45763 46073 ;
set inter_veines [45756] := 36 45576 45742 45749 45763 45770 46080 ;
set inter_veines [45763] := 37 78 45583 45749 45756 45770 45777 46087 ;
set inter_veines [45770] := 38 45412 45589 45756 45763 45777 45784 ;
set inter_veines [45777] := 39 45419 45596 45763 45770 45784 45787 ;
set inter_veines [45784] := 45440 45603 45770 45777 45787 ;
set inter_veines [45787] := 45443 45608 45777 45784 45794 46446 ;
set inter_veines [45794] := 62 45450 45615 45787 ;
set inter_veines [45817] := 62 45460 45639 45824 45831 ;
set inter_veines [45824] := 45467 45646 45817 45831 45839 ;
set inter_veines [45831] := 74226 45474 45653 45817 45824 45839 45846 ;
set inter_veines [45839] := 47 45481 45660 45824 45831 45846 45954 ;
set inter_veines [45846] := 45488 45667 45831 45839 45853 45954 ;
set inter_veines [45853] := 45504 45683 45846 45860 45867 45954 45996 ;
set inter_veines [45860] := 74228 50 45511 45690 45853 45867 45954 46358 ;
set inter_veines [45867] := 74231 19 51 45697 45853 45860 46358 46563 ;
set inter_veines [45874] := 27 28 30 45704 54885 54969 54972 54975 54977 54979 ;
set inter_veines [45954] := 49 45495 45674 45839 45846 45853 45860 ;
set inter_veines [45996] := 49 50 51 41643 45683 45853 ;
set inter_veines [46031] := 45707 ;
set inter_veines [46038] := 30 45714 ;
set inter_veines [46045] := 31 45721 ;
set inter_veines [46052] := 32 45728 ;
set inter_veines [46059] := 33 45735 ;
set inter_veines [46066] := 34 45742 ;
set inter_veines [46073] := 35 45749 ;
set inter_veines [46080] := 36 45756 ;
set inter_veines [46087] := 37 45763 ;
set inter_veines [46094] := 36 ;
set inter_veines [46101] := 35 ;
set inter_veines [46108] := 34 ;
set inter_veines [46115] := 33 ;
set inter_veines [46122] := 32 ;
set inter_veines [46129] := 31 ;
set inter_veines [46136] := 30 ;
set inter_veines [46143] :=  ;
set inter_veines [46150] :=  ;
set inter_veines [46156] :=  ;
set inter_veines [46163] :=  ;
set inter_veines [46170] :=  ;
set inter_veines [46177] :=  ;
set inter_veines [46184] :=  ;
set inter_veines [46198] :=  ;
set inter_veines [46211] :=  ;
set inter_veines [46218] :=  ;
set inter_veines [46225] :=  ;
set inter_veines [46232] :=  ;
set inter_veines [46239] :=  ;
set inter_veines [46246] :=  ;
set inter_veines [46253] :=  ;
set inter_veines [46260] := 44710 44724 ;
set inter_veines [46267] := 44731 ;
set inter_veines [46274] := 44693 ;
set inter_veines [46281] := 44693 ;
set inter_veines [46288] := 44905 44916 ;
set inter_veines [46295] := 44916 ;
set inter_veines [46302] := 45292 45299 ;
set inter_veines [46309] := 45299 ;
set inter_veines [46316] :=  ;
set inter_veines [46323] :=  ;
set inter_veines [46330] := 44898 45285 45324 ;
set inter_veines [46337] := 44905 45292 45324 ;
set inter_veines [46344] := 44916 45299 ;
set inter_veines [46351] := 45690 45697 ;
set inter_veines [46358] := 52 45860 45867 ;
set inter_veines [46365] :=  ;
set inter_veines [46390] :=  ;
set inter_veines [46395] := 47 41628 ;
set inter_veines [46402] := 41633 41638 ;
set inter_veines [46409] := 41643 ;
set inter_veines [46414] := 50 41653 ;
set inter_veines [46419] := 51 19396 41666 ;
set inter_veines [46424] := 52 ;
set inter_veines [46431] := 49 20349 ;
set inter_veines [46446] := 39 40 66 42896 45787 ;
set inter_veines [46460] := 86 90 44409 ;
set inter_veines [46463] := 44577 ;
set inter_veines [46470] := 44570 ;
set inter_veines [46477] := 44570 44753 ;
set inter_veines [46484] := 44577 44758 ;
set inter_veines [46491] := 40954 44563 44746 ;
set inter_veines [46505] :=  ;
set inter_veines [46518] :=  ;
set inter_veines [46525] := 45299 ;
set inter_veines [46532] := 19 45292 ;
set inter_veines [46563] := 53 45867 ;
set inter_veines [46601] := 52 41653 41666 ;
set inter_veines [46624] := 44693 44717 44731 ;
set inter_veines [46641] := 44724 ;
set inter_veines [46654] := 63 ;
set inter_veines [49180] := 86 40954 44563 ;
set inter_veines [54773] := 41961 ;
set inter_veines [54782] :=  ;
set inter_veines [54784] := 68 ;
set inter_veines [54789] := 41633 41638 ;
set inter_veines [54792] := 53 41666 ;
set inter_veines [54799] := 20349 41638 ;
set inter_veines [54806] := 41628 41638 ;
set inter_veines [54811] := 67 68 69 41623 ;
set inter_veines [54837] := 41875 41982 41985 42325 44123 ;
set inter_veines [54839] := 41875 41977 41982 41985 42325 44123 ;
set inter_veines [54849] := 41967 41970 41977 41982 41985 ;
set inter_veines [54858] := 41961 41964 41967 41970 41977 ;
set inter_veines [54865] := 41961 41964 41967 41970 41977 ;
set inter_veines [54874] := 41961 41964 ;
set inter_veines [54885] := 28 45704 45874 ;
set inter_veines [54969] := 27 28 45874 ;
set inter_veines [54972] := 27 28 30 45874 ;
set inter_veines [54975] := 27 28 45874 ;
set inter_veines [54977] := 27 28 45874 ;
set inter_veines [54979] := 27 28 45874 ;
set inter_veines [54989] := 27 28 ;
set inter_veines [73656] := 26 ;
set inter_veines [73657] := 6 ;
set inter_veines [73658] :=  ;
set inter_veines [73659] := 20513 ;
set inter_veines [73660] :=  ;
set inter_veines [73661] :=  ;
set inter_veines [73662] :=  ;
set inter_veines [73663] :=  ;
set inter_veines [73664] :=  ;
set inter_veines [73665] := 44440 ;
set inter_veines [73666] := 8 ;
set inter_veines [73667] :=  ;
set inter_veines [73668] := 23046 ;
set inter_veines [73669] :=  ;
set inter_veines [73670] := 44877 ;
set inter_veines [73671] :=  ;
set inter_veines [73672] := 44891 ;
set inter_veines [73673] := 44672 ;
set inter_veines [73674] :=  ;
set inter_veines [73675] :=  ;
set inter_veines [73676] :=  ;
set inter_veines [73677] := 9 ;
set inter_veines [73678] := 44717 ;
set inter_veines [73679] :=  ;
set inter_veines [73680] :=  ;
set inter_veines [73681] :=  ;
set inter_veines [73682] :=  ;
set inter_veines [73683] :=  ;
set inter_veines [73684] :=  ;
set inter_veines [73685] :=  ;
set inter_veines [73686] :=  ;
set inter_veines [73687] :=  ;
set inter_veines [73688] :=  ;
set inter_veines [73689] :=  ;
set inter_veines [73690] := 27 ;
set inter_veines [73691] :=  ;
set inter_veines [73692] := 83 45031 ;
set inter_veines [73693] := 41964 ;
set inter_veines [73694] := 41967 ;
set inter_veines [73695] := 41970 ;
set inter_veines [73696] := 41977 ;
set inter_veines [73697] :=  ;
set inter_veines [73698] := 41982 ;
set inter_veines [73699] := 41985 ;
set inter_veines [73700] :=  ;
set inter_veines [74240] := 58 59 60 61 ;
set inter_veines [74241] := 86 88 ;
set inter_veines [74242] := 88 ;
set inter_veines [74243] := 88 89 90 40948 44464 ;
set inter_veines [74246] := 5 6 7 8 ;
set inter_veines [74247] := 7 8 9 ;
set inter_veines [74280] := 60 61 62 ;
set inter_veines [74281] := 62 63 ;
set inter_veines [74300] :=  ;
set inter_veines [74301] :=  ;
set inter_veines [74341] :=  ;
set inter_veines [74342] :=  ;